total
#--------------------
Pure Al (Cd-Al)
4.132308854617564
0.5 0.5 0.0
0.0 0.5 0.5
0.5 0.0 0.5
0 2
D
0.0 0.0 0.0
0.5 0.5 0.25
Energy:
-5.832608
#--------------------
Pure Cd (Cd-Al)
4.132308854617564
0.5 0.5 0.0
0.0 0.5 0.5
0.5 0.0 0.5
1 0
D
0.0 0.0 0.0
Energy:
-2.832608
#--------------------
fcc str #: 1141 (Cd-Al)
4.132308854617564
-1.0 0.0 0.0
0.0 0.0 1.0
-0.5 2.5 0.0
5 5
D
0.0 0.0 0.0
-0.1 0.5 0.2
-0.2 0.0 0.4
-0.4 0.0 0.8
-0.8 0.0 0.6
-0.3 0.5 0.6
-0.5 0.5 0.0
-0.6 0.0 0.2
-0.7 0.5 0.4
-0.9 0.5 0.8
Energy:
-2.8326079999999996
#--------------------
fcc str #: 1146 (Cd-Al)
4.132308854617564
0.5 0.5 0.0
-1.0 1.0 0.0
0.5 0.0 2.5
5 5
D
0.0 0.0 0.0
0.4 0.3 0.2
0.8 0.6 0.4
0.0 0.5 0.0
0.4 0.8 0.2
0.2 0.9 0.6
0.6 0.2 0.8
0.8 0.1 0.4
0.2 0.4 0.6
0.6 0.7 0.8
Energy:
-2.8326079999999996
#--------------------
fcc str #: 1211 (Cd-Al)
4.132308854617564
0.5 0.5 0.0
-2.5 2.5 0.0
0.0 0.0 1.0
5 5
D
0.0 0.0 0.0
0.5 0.1 0.5
0.5 0.3 0.5
0.0 0.4 0.0
0.5 0.7 0.5
0.0 0.2 0.0
0.5 0.5 0.5
0.0 0.6 0.0
0.0 0.8 0.0
0.5 0.9 0.5
Energy:
-2.8326079999999996
#--------------------
fcc str #: 1231 (Cd-Al)
4.132308854617564
0.5 0.5 0.0
-1.0 1.0 0.0
0.5 0.0 2.5
5 5
D
0.0 0.0 0.0
0.4 0.3 0.2
0.2 0.9 0.6
0.0 0.5 0.0
0.8 0.1 0.4
0.8 0.6 0.4
0.6 0.2 0.8
0.4 0.8 0.2
0.2 0.4 0.6
0.6 0.7 0.8
Energy:
-2.8326079999999996
#--------------------
fcc str #: 1234 (Cd-Al)
4.132308854617564
0.5 0.5 0.0
-1.0 0.5 0.5
0.5 -0.5 3.0
5 5
D
0.0 0.0 0.0
0.7 0.4 0.1
0.1 0.2 0.3
0.5 4.4408921e-16 0.5
0.9 0.8 0.7
0.4 0.8 0.2
0.8 0.6 0.4
0.2 0.4 0.6
0.6 0.2 0.8
0.3 0.6 0.9
Energy:
-2.8326079999999996
#--------------------
fcc str #: 1323 (Cd-Al)
4.184688833179046
0.5 0.5 0.0
-2.5 3.0 0.5
0.0 0.0 1.0
2 9
D
0.0 0.0 0.0
0.45454545 0.090909091 0.45454545
0.90909091 0.18181818 0.90909091
0.36363636 0.27272727 0.36363636
0.81818182 0.36363636 0.81818182
0.27272727 0.45454545 0.27272727
0.72727273 0.54545455 0.72727273
0.18181818 0.63636364 0.18181818
0.090909091 0.81818182 0.090909091
0.63636364 0.72727273 0.63636364
0.54545455 0.90909091 0.54545455
Energy:
-2.832608
#--------------------
fcc str #: 1365 (Cd-Al)
4.169723125018622
0.0 0.0 1.0
0.5 1.5 0.0
-1.5 1.0 0.5
3 8
D
0.0 0.0 0.0
0.45454545 0.27272727 0.090909091
0.90909091 0.54545455 0.18181818
0.36363636 0.81818182 0.27272727
0.81818182 0.090909091 0.36363636
0.27272727 0.36363636 0.45454545
0.72727273 0.63636364 0.54545455
0.63636364 0.18181818 0.72727273
0.18181818 0.90909091 0.63636364
0.090909091 0.45454545 0.81818182
0.54545455 0.72727273 0.90909091
Energy:
-2.832608
#--------------------
fcc str #: 1447 (Cd-Al)
4.184688833179046
0.5 0.5 0.0
-1.0 0.5 -0.5
-1.0 1.0 3.0
2 9
D
0.0 0.0 0.0
0.54545455 0.090909091 0.18181818
0.090909091 0.18181818 0.36363636
0.63636364 0.27272727 0.54545455
0.18181818 0.36363636 0.72727273
0.27272727 0.54545455 0.090909091
0.81818182 0.63636364 0.27272727
0.36363636 0.72727273 0.45454545
0.90909091 0.81818182 0.63636364
0.72727273 0.45454545 0.90909091
0.45454545 0.90909091 0.81818182
Energy:
-2.832608
#--------------------
fcc str #: 1519 (Cd-Al)
4.139791708697775
0.0 0.0 1.0
0.5 1.5 0.0
-1.5 1.0 0.5
5 6
D
0.0 0.0 0.0
0.45454545 0.27272727 0.090909091
0.90909091 0.54545455 0.18181818
0.36363636 0.81818182 0.27272727
0.81818182 0.090909091 0.36363636
0.72727273 0.63636364 0.54545455
0.27272727 0.36363636 0.45454545
0.18181818 0.90909091 0.63636364
0.63636364 0.18181818 0.72727273
0.090909091 0.45454545 0.81818182
0.54545455 0.72727273 0.90909091
Energy:
-2.832608
#--------------------
fcc str #: 1602 (Cd-Al)
4.154757416858199
0.5 0.5 0.0
-1.0 1.5 1.5
1.0 -1.0 1.0
4 7
D
0.0 0.0 0.0
0.36363636 0.27272727 0.090909091
0.72727273 0.54545455 0.18181818
0.090909091 0.81818182 0.27272727
0.81818182 0.36363636 0.45454545
0.18181818 0.63636364 0.54545455
0.27272727 0.45454545 0.81818182
0.45454545 0.090909091 0.36363636
0.54545455 0.90909091 0.63636364
0.90909091 0.18181818 0.72727273
0.63636364 0.72727273 0.90909091
Energy:
-2.832608
#--------------------
fcc str #: 1620 (Cd-Al)
4.154757416858199
0.5 0.5 0.0
-2.5 3.0 0.5
0.0 0.0 1.0
4 7
D
0.0 0.0 0.0
0.45454545 0.090909091 0.45454545
0.90909091 0.18181818 0.90909091
0.36363636 0.27272727 0.36363636
0.27272727 0.45454545 0.27272727
0.18181818 0.63636364 0.18181818
0.63636364 0.72727273 0.63636364
0.81818182 0.36363636 0.81818182
0.72727273 0.54545455 0.72727273
0.090909091 0.81818182 0.090909091
0.54545455 0.90909091 0.54545455
Energy:
-2.832608
#--------------------
fcc str #: 22 (Cd-Al)
4.115846575641099
0.5 0.0 0.5
0.0 0.5 -0.5
-1.5 1.5 2.0
3 2
D
0.0 0.0 0.0
0.6 0.4 0.2
0.2 0.8 0.4
0.8 0.2 0.6
0.4 0.6 0.8
Energy:
-2.8326079999999996
#--------------------
fcc str #: 245 (Cd-Al)
4.132308854617564
0.5 1.0 0.5
-1.0 1.0 0.0
-0.5 -0.5 1.0
4 4
D
0.0 0.0 0.0
0.5 0.125 0.25
0.5 0.375 0.75
0.0 0.75 0.5
0.0 0.25 0.5
0.0 0.5 0.0
0.5 0.625 0.25
0.5 0.875 0.75
Energy:
-2.832608
#--------------------
fcc str #: 346 (Cd-Al)
4.111731005896981
0.5 1.0 0.5
-1.0 0.0 1.0
0.0 -1.0 1.0
5 3
D
0.0 0.0 0.0
0.5 0.25 0.0
0.0 0.5 0.0
0.5 0.25 0.5
0.5 0.75 0.5
0.5 0.75 0.0
0.0 0.0 0.5
0.0 0.5 0.5
Energy:
-2.832608
#--------------------
fcc str #: 367 (Cd-Al)
4.068288880820197
0.5 0.5 0.0
-1.0 0.5 -0.5
-0.5 1.0 2.5
8 1
D
0.0 0.0 0.0
0.44444444 0.11111111 0.22222222
0.88888889 0.22222222 0.44444444
0.33333333 0.33333333 0.66666667
0.77777778 0.44444444 0.88888889
0.22222222 0.55555556 0.11111111
0.66666667 0.66666667 0.33333333
0.11111111 0.77777778 0.55555556
0.55555556 0.88888889 0.77777778
Energy:
-2.8326080000000005
#--------------------
fcc str #: 372 (Cd-Al)
4.068288880820197
0.0 0.0 1.0
0.5 1.5 0.0
-1.5 0.0 -0.5
8 1
D
0.0 0.0 0.0
0.55555556 0.33333333 0.11111111
0.11111111 0.66666667 0.22222222
0.66666667 0.0 0.33333333
0.22222222 0.33333333 0.44444444
0.77777778 0.66666667 0.55555556
0.33333333 0.0 0.66666667
0.88888889 0.33333333 0.77777778
0.44444444 0.66666667 0.88888889
Energy:
-2.8326080000000005
#--------------------
fcc str #: 4 (Cd-Al)
4.10487172299012
0.5 0.5 0.0
-0.5 1.0 0.5
0.0 0.0 1.0
2 1
D
0.0 0.0 0.0
0.33333333 0.33333333 0.33333333
0.66666667 0.66666667 0.66666667
Energy:
-2.832608
#--------------------
fcc str #: 405 (Cd-Al)
4.086580301905159
0.5 0.5 0.0
-1.5 1.5 0.0
-0.5 0.0 1.5
7 2
D
0.0 0.0 0.0
0.66666667 0.11111111 0.33333333
0.33333333 0.22222222 0.66666667
0.0 0.33333333 0.0
0.66666667 0.44444444 0.33333333
0.0 0.66666667 0.0
0.66666667 0.77777778 0.33333333
0.33333333 0.55555556 0.66666667
0.33333333 0.88888889 0.66666667
Energy:
-2.8326080000000005
#--------------------
fcc str #: 526 (Cd-Al)
4.123163144075082
0.5 0.5 0.0
-1.5 1.0 0.5
1.0 -0.5 1.5
5 4
D
0.0 0.0 0.0
0.55555556 0.33333333 0.22222222
0.11111111 0.66666667 0.44444444
0.22222222 0.33333333 0.88888889
0.88888889 0.33333333 0.55555556
0.66666667 0.0 0.66666667
0.77777778 0.66666667 0.11111111
0.33333333 0.0 0.33333333
0.44444444 0.66666667 0.77777778
Energy:
-2.8326080000000005
#--------------------
fcc str #: 580 (Cd-Al)
4.123163144075082
-1.0 0.5 0.5
0.5 -1.0 0.5
0.5 1.5 1.0
5 4
D
0.0 0.0 0.0
0.22222222 0.11111111 0.33333333
0.44444444 0.22222222 0.66666667
0.66666667 0.33333333 0.0
0.33333333 0.66666667 0.0
0.88888889 0.44444444 0.33333333
0.11111111 0.55555556 0.66666667
0.55555556 0.77777778 0.33333333
0.77777778 0.88888889 0.66666667
Energy:
-2.8326080000000005
#--------------------
fcc str #: 586 (Cd-Al)
4.086580301905159
0.5 0.5 0.0
-0.5 1.0 1.5
0.5 -1.0 1.5
7 2
D
0.0 0.0 0.0
0.33333333 0.33333333 0.0
0.66666667 0.66666667 0.0
0.66666667 0.0 0.33333333
0.0 0.33333333 0.33333333
0.66666667 0.33333333 0.66666667
0.0 0.66666667 0.66666667
0.33333333 0.66666667 0.33333333
0.33333333 0.0 0.66666667
Energy:
-2.8326080000000005
#--------------------
fcc str #: 732 (Cd-Al)
4.115846575641099
0.0 0.5 -0.5
-1.0 0.5 0.5
1.5 2.0 1.5
6 4
D
0.0 0.0 0.0
-0.1 0.3 0.2
-0.2 0.6 0.4
-0.3 0.9 0.6
-0.4 0.2 0.8
-0.5 0.5 0.0
-0.6 0.8 0.2
-0.7 0.1 0.4
-0.8 0.4 0.6
-0.9 0.7 0.8
Energy:
-2.8326079999999996
#--------------------
fcc str #: 750 (Cd-Al)
4.082922017688166
-1.0 0.0 0.0
0.0 0.0 1.0
-0.5 2.5 0.0
8 2
D
0.0 0.0 0.0
-0.1 0.5 0.2
-0.2 0.0 0.4
-0.3 0.5 0.6
-0.4 0.0 0.8
-0.6 0.0 0.2
-0.7 0.5 0.4
-0.8 0.0 0.6
-0.5 0.5 0.0
-0.9 0.5 0.8
Energy:
-2.8326079999999996
#--------------------
fcc str #: 776 (Cd-Al)
4.099384296664632
-0.5 0.5 0.0
0.0 0.0 5.0
0.5 0.5 0.0
7 3
D
0.0 0.0 0.0
0.5 0.1 0.5
0.0 0.2 0.0
0.5 0.3 0.5
0.0 0.4 0.0
0.0 0.6 0.0
0.0 0.8 0.0
0.5 0.5 0.5
0.5 0.7 0.5
0.5 0.9 0.5
Energy:
-2.8326079999999996
#--------------------
fcc str #: 782 (Cd-Al)
4.099384296664632
-1.0 0.0 0.0
0.0 -1.0 1.0
-0.5 1.5 1.0
7 3
D
-0.0 0.0 0.0
-0.2 0.1 0.4
-0.4 0.2 0.8
-0.6 0.3 0.2
-0.8 0.4 0.6
-0.2 0.6 0.4
-0.6 0.8 0.2
-0.0 0.5 0.0
-0.4 0.7 0.8
-0.8 0.9 0.6
Energy:
-2.8326079999999996
#--------------------
fcc str #: 819 (Cd-Al)
4.132308854617564
0.5 0.0 0.5
0.0 0.5 -0.5
-3.0 3.5 3.5
5 5
D
0.0 0.0 0.0
0.6 0.3 0.1
0.2 0.6 0.2
0.8 0.9 0.3
0.4 0.2 0.4
0.0 0.5 0.5
0.6 0.8 0.6
0.2 0.1 0.7
0.8 0.4 0.8
0.4 0.7 0.9
Energy:
-2.8326079999999996
#--------------------
fcc str #: 946 (Cd-Al)
4.115846575641099
-0.5 0.5 0.0
0.0 0.0 5.0
0.5 0.5 0.0
6 4
D
0.0 0.0 0.0
0.5 0.1 0.5
0.0 0.2 0.0
0.5 0.3 0.5
0.0 0.6 0.0
0.5 0.7 0.5
0.0 0.4 0.0
0.5 0.5 0.5
0.0 0.8 0.0
0.5 0.9 0.5
Energy:
-2.8326079999999996
#--------------------
